41000
18467
63340
26500
19169
15724
11478
29358
26962
24464
57050
28145
23281
16827
99610
49100
29950
11942
48270
54360
32391
14604
39020
15300
29200
12382
17421
18716
19718
19895
54470
21726
14771
11538
18690
19912
25667
26299
17035
98940
28703
23811
31322
30333
17673
46640
15141
77110
28253
68680
25547
27644
32662
32757
20037
12859
87230
97410
27529
77800
12316
30350
22190
18420
28800
30106
90400
89420
19264
22648
27446
23805
15890
67290
24370
15350
15006
31101
24393
35480
19629
12623
24084
19954
18756
11840
49660
73760
13931
26308
16944
32439
24626
11323
55370
21538
16118
20820
22929
16541
