16541
22929
20820
16118
21538
55370
11323
24626
32439
16944
26308
13931
73760
49660
11840
18756
19954
24084
12623
19629
35480
24393
31101
15006
15350
24370
67290
15890
23805
27446
22648
19264
89420
90400
30106
28800
18420
22190
30350
12316
77800
27529
97410
87230
12859
20037
32757
32662
27644
25547
68680
28253
77110
15141
46640
17673
30333
31322
23811
28703
98940
17035
26299
25667
19912
18690
11538
14771
21726
54470
19895
19718
18716
17421
12382
29200
15300
39020
14604
32391
54360
48270
11942
29950
49100
99610
16827
23281
28145
57050
24464
26962
29358
11478
15724
19169
26500
63340
18467
41000
